0.864786
0.777505
0.839707
0.710020
0.807570
0.758552
0.789507
0.797661
0.704524
0.765899
0.860006
0.775055
0.798946
0.882652
0.949166
0.764725
0.681862
0.763802
0.871608
0.883100
0.946580
0.774528
0.838718
0.763520
0.829176
0.795456
0.849064
0.698801
0.630360
0.771397
0.970887
0.934019
0.920569
0.691112
0.808705
0.920155
0.902194
0.894720
0.941216
0.938276
0.909442
0.967758
0.895241
0.973846
0.870156
0.880161
0.845568
0.890051
0.889960
0.934763
0.887671
0.811578
0.895962
0.881667
0.884232
0.948552
0.717863
0.748491
0.668493
0.733750
0.793952
0.854476
0.828077
0.783662
0.728551
0.710006
0.553863
0.796941
0.700432
0.857080
0.722133
0.722836
0.797615
0.735810
0.775209
0.657173
0.608708
0.665412
0.744328
0.883176
0.932806
0.735344
0.678148
0.754916
0.678491
0.644611
0.967245
0.903804
0.970775
0.917432
0.946581
0.688151
0.635422
0.585461
0.887479
0.884670
0.743339
0.718899
0.809143
0.898877
0.875269
0.903120
0.822390
0.802923
0.897383
0.862178
0.873829
0.762299
0.727947
0.894648
0.788905
0.941073
0.845167
0.777838
0.816671
0.873079
0.483458
0.005397
0.749663
0.727962
0.667965
0.819597
0.649095
0.808807
0.654627
0.920375
0.883532
0.888386
0.910346
0.763036
0.758283
0.897482
0.733528
0.860377
0.885444
0.848146
0.811497
0.703967
0.815198
0.763651
0.681554
0.730850
0.845632
0.872221
0.640719
0.871267
0.894248
0.870255
0.694124
0.691468
0.953130
0.951341
0.916210
0.788791
0.951915
0.950428
0.925412
0.784894
0.000000
0.830572
0.849577
0.748083
0.788726
0.835123
0.759961
0.796700
0.773209
0.866249
0.940799
0.742548
0.894156
1.000000
0.911663
0.929380
0.446426
0.783534
0.021578
0.930421
0.926938
0.696361
0.875518
0.888914
0.868099
0.916885
0.939076
0.902426
0.969985
0.893800
0.661783
0.624562
0.659047
0.813174
0.810913
0.769818
0.340436
0.871399
0.949588
0.913472
0.765797
0.681606
0.843362
0.937622
0.931922
0.843778
0.804350
0.887244
0.919613
0.626758
0.717370
0.809492
0.877813
0.690335
0.920911
0.774636
0.792789
0.870325
0.926518
0.768677
0.896689
0.936091
0.924382
0.998664
0.976007
0.900570
0.839576
0.878888
0.780928
0.949694
0.850296
0.902546
0.863407
0.918049
0.827994
0.939664
0.774743
0.858764
0.909027
0.788060
0.964372
0.766862
0.907332
0.750310
0.279403
0.047467
0.958841
0.532600
0.693651
0.841450
