0.764373
0.727701
0.874348
0.179331
0.285213
0.343412
0.248392
0.302241
0.249982
0.225124
0.311958
0.231302
0.304080
0.322814
0.304641
0.260064
0.171795
0.236823
0.290100
0.214098
0.345378
0.213781
0.175030
0.128989
0.348058
0.332598
0.258823
0.218728
0.170349
0.164372
0.351766
0.585981
0.512915
0.247176
0.248186
0.432140
0.355500
0.381026
1.000000
0.676068
0.560716
0.625569
0.433970
0.453898
0.482450
0.292126
0.423620
0.321544
0.442125
0.455497
0.451195
0.279122
0.349920
0.353968
0.365400
0.598800
0.166572
0.129002
0.079347
0.321562
0.331139
0.305998
0.159586
0.195234
0.184663
0.180045
0.008956
0.123932
0.163469
0.569164
0.052648
0.017605
0.055302
0.110324
0.233685
0.179593
0.130825
0.090031
0.104125
0.327889
0.397171
0.039921
0.107061
0.142934
0.113150
0.152326
0.395009
0.316919
0.428941
0.529583
0.285006
0.043212
0.097789
0.052549
0.344272
0.286374
0.119049
0.227741
0.209142
0.418257
0.395378
0.574466
0.136972
0.273957
0.344506
0.313597
0.201192
0.169620
0.237084
0.435403
0.123903
0.258062
0.256799
0.110764
0.162334
0.197779
0.058486
0.029166
0.189890
0.171225
0.154653
0.278038
0.133274
0.182237
0.190648
0.404072
0.438228
0.283509
0.445967
0.171521
0.233083
0.529998
0.157429
0.267890
0.318789
0.145198
0.104886
0.183283
0.135550
0.094958
0.056634
0.159466
0.290758
0.272225
0.193585
0.458015
0.399724
0.433370
0.052832
0.145421
0.342863
0.264128
0.359550
0.208763
0.341777
0.214952
0.440814
0.236861
0.004067
0.132352
0.172432
0.130212
0.049085
0.197451
0.103234
0.085027
0.273741
0.248886
0.337168
0.171257
0.309984
0.531322
0.488221
0.442940
0.000000
0.114522
0.008720
0.306421
0.282543
0.205024
0.526304
0.467860
0.387102
0.333351
0.548876
0.405813
0.340626
0.230081
0.061780
0.065431
0.067449
0.070183
0.203755
0.072696
0.019487
0.128035
0.209298
0.228699
0.281528
0.043840
0.171638
0.441735
0.374809
0.317799
0.223089
0.311838
0.457840
0.058517
0.128410
0.222567
0.314417
0.111090
0.502709
0.143025
0.108286
0.210862
0.397203
0.151810
0.899649
0.961088
0.654986
0.771608
0.448248
0.387030
0.403177
0.436235
0.325850
0.962919
0.244632
0.434535
0.200860
0.445317
0.372754
0.577280
0.094975
0.188156
0.298855
0.372009
0.412168
0.378473
0.577979
0.039152
0.013036
0.009061
0.353881
0.030765
0.055259
0.069848
